0.4191576468709172 0.0624581509850669 -0.87519921748571 
2.7232017834209254 0.6112811579297284 -3.6455195846636754 
0.21083192760269565 4.197086836580496 -0.053308434140256475 

0.05023292007331145 4.454908756952033 6.711015940435597 
-1364.6781465543907 0.7552376271620665 0.010702555263506558 
3.9063008574477684E-5 -4.826983526181466 -81.77479078010029 

-8.092633497214291E-6 -1806.9520075190112 0.01127585834275984 
0.05902776396544498 -4.179646705110982E-4 0.6627068402120873 
-1385.3614856217744 -25.606363452727216 10.12667371637187 

